0.24807113
-0.18499182
-0.48871857
-0.05675852
0.1581574
0.4236816
-0.22095923
0.12871744
-0.177079
0.4365895
-0.10886224
-0.2711792
0.06320903
-0.3596882
0.03018917
-0.16216652
-0.01938948
0.1877461
0.21442765
-0.18974146
-0.19947451
-0.09283099
-0.42934605
-0.09511761
-0.52744734
0.32326484
0.28837425
0.3303778
-0.264037
-0.11096267
0.25911144
-0.30506   
0.22532704
-0.1567047
-0.33357525
-0.03777692
-0.03376415
0.5673492
0.03478994
0.02179503
-0.2492082
-0.15948121
-0.26482478
-0.03805209
-0.00448201
0.07136463
-0.11671741
0.22851901
-0.12679164
0.5482961
-0.05207148
0.03086551
-0.4302712
-0.49658602
0.06617329
-0.5270848 
0.21930438
-0.07057948
-0.04036796
-0.1382596
-0.00983683
0.09509208
0.2272774
0.22204381