0.12014879
-0.0524535
-0.12467378
-0.03299288
0.4924234
-0.24017411
0.03967816
0.35719723
-0.1104935
0.12806204
0.16687083
0.3333305
-0.02045518
-0.16147594
-0.13974743
-0.38790867
0.2634898
0.23817575
-0.07626809
0.05557626
-0.04142026
0.2815075
0.05502056
0.34272337
-0.05009506
0.06229772
-0.0626516
0.45941448
-0.3453443
-0.3853578
-0.08171016
-0.05097225
-0.23506312
0.12299766
0.18684718
-0.15129495
0.28006473
0.30475447
-0.1648891
0.2405248
-0.059511
-0.04555352
-0.19750983
0.03688432
0.166731
0.14389813
0.19836815
-0.19307654
-0.0608201
-0.6685579
-0.14629643
0.2732291
-0.1487119
-0.5028979
-0.19989286
-0.60279423
-0.01670908
0.25028083
0.06285841
0.08058461
0.05506877
0.09961189
0.21074672
0.26627186