-0.22540611
-0.07725633
-0.04325512
-0.04499104
-0.32806206
-0.04144218
-0.03638914
0.03160138
0.18012986
-0.29333568
0.00671834
-0.16674466
-0.34768414
0.01304776
-0.06656786
-0.33698344
0.35989136
-0.16509496
-0.07809209
-0.02823459
-0.6466683
0.03439626
-0.02917804
0.06093279
0.20940925
0.38939223
0.02142915
0.06047469
0.19592714
0.50517815
0.14237255
0.48360968
0.02413642
0.16279134
0.02921131
0.4190974
-0.31731865
-0.16067709
0.34781075
0.07166091
-0.07821875
0.14518033
-0.35107407
-0.02979031
0.25414816
-0.37739775
0.45078024
0.20540176
0.11960886
-0.00708573
-0.01591504
-0.0124966
0.23815277
0.15988702
-0.10813737
0.17890273
0.28208584
0.28524047
-0.11078832
0.05000078
0.62929094
0.03044126
0.37248662
0.19190663
