-0.1564388
0.060792
-0.25346947
-0.21916276
-0.05961246
0.16500823
0.07056013
-0.04299608
-0.10268968
-0.16318482
-0.0763059
-0.14473884
-0.32715902
-0.3284195
0.01457982
-0.21989729
0.4014409
-0.20964584
0.12663233
0.15928917
0.06926352
0.0872872
0.09628288
0.20289727
0.31969658
0.48952508
-0.06890938
0.04971746
0.4850268
0.77359366
0.04772833
0.00763122
-0.21406649
0.3851055
0.06895181
-0.09096608
0.2268963
0.02800295
-0.26645523
0.09101521
-0.23577942
0.40463912
-0.02379321
0.12271876
0.20454015
0.3340834
0.20872128
0.23313737
0.36070636
-0.08882497
0.1167473
-0.09869172
0.3148002
0.41594255
-0.1424936
-0.13277136
-0.09099162
-0.14975166
0.14469796
-0.09419464
0.34336716
0.45454732
-0.19643505
0.19911067